IBI Values:
730
747
773
790
742
747
920
1238
1421
1698
1291
1248
938
747
713
711
722
739
1013
807
749
726
717
851
753
686
670
664
649
786
693
673
653
645
642
761
694
936
782
691
666
804
914
719
648
829
745
724
662
642
689
665
668
694
691
697
699
693
727
735
------------HRV RESULTS------------
Avg IBI   :791.12
Avg BPM   :75.84
Avg SDNN  :200.10
Avg RMSSD :127.70
IBI Values:
764
743
874
806
796
775
778
767
799
806
772
746
749
768
763
744
736
755
1100
848
741
723
673
713
753
644
677
853
797
751
786
807
804
806
791
766
757
764
660
672
653
669
700
748
695
729
747
743
753
751
774
683
675
689
731
779
803
862
878
802
------------HRV RESULTS------------
Avg IBI   :761.52
Avg BPM   :78.79
Avg SDNN  :69.52
Avg RMSSD :73.80
IBI Values:
1356
974
804
753
734
773
789
819
675
654
640
670
688
659
720
702
780
724
662
637
633
661
655
700
670
671
639
663
704
689
744
772
728
688
671
712
699
730
742
746
695
740
746
839
773
735
738
757
801
752
733
707
769
692
714
717
755
770
770
728
------------HRV RESULTS------------
Avg IBI   :734.35
Avg BPM   :81.70
Avg SDNN  :99.56
Avg RMSSD :68.64
